18:05:33.586 -> 0.241814 0.136469 0.000000 0.000000 0.007461 0.000000 0.000000 0.000000 13.959412
18:05:33.993 -> 0.241814 0.146046 0.000000 0.000000 0.006928 0.000000 0.000000 0.000000 13.950588
18:05:34.377 -> 0.220267 0.126893 0.000000 0.000000 0.006928 0.000000 0.000000 0.000000 13.959412
18:05:34.785 -> 0.232238 0.134075 0.000000 0.000000 0.004796 0.000000 0.000000 0.000000 13.971176
18:05:35.193 -> 0.210690 0.129287 0.000000 0.000000 0.006129 0.000000 0.000000 0.000000 13.965294
18:05:35.562 -> 0.215478 0.146046 0.000000 0.000000 0.005596 0.000000 0.000000 0.000000 13.968235
18:05:35.967 -> 0.210690 0.158017 0.000000 0.000000 0.005862 0.000000 0.000000 0.000000 13.953529
18:05:36.377 -> 0.210690 0.126893 0.000000 0.000000 0.004796 0.000000 0.000000 0.000000 13.950588
18:05:36.781 -> 0.225055 0.126893 0.000000 0.000000 0.005063 0.000000 0.000000 0.000000 13.959412
18:05:37.186 -> 0.220267 0.136469 0.000000 0.000000 0.005329 0.000000 0.000000 0.000000 13.968235
18:05:37.583 -> 0.217872 0.131681 0.000000 0.000000 0.005329 0.000000 0.000000 0.000000 13.982942
18:05:37.962 -> 0.213084 0.131681 0.000000 0.000000 0.005329 0.000000 0.000000 0.000000 13.968235
18:05:38.385 -> 0.222661 0.141258 0.000000 0.000000 0.004263 0.000000 0.000000 0.000000 13.962353
18:05:38.791 -> 0.215478 0.138864 0.000000 0.000000 0.005329 0.000000 0.000000 0.000000 13.982942
18:05:39.175 -> 0.215478 0.138864 0.000000 0.000000 0.005329 0.000000 0.000000 0.000000 13.971176
18:05:39.584 -> 0.213084 0.136469 0.000000 0.000000 0.005596 0.000000 0.000000 0.000000 13.971176
18:05:39.977 -> 0.217872 0.138864 0.000000 0.000000 0.006129 0.000000 0.000000 0.000000 13.971176
18:05:40.365 -> 0.220267 0.124498 0.000000 0.000000 0.004530 0.000000 0.000000 0.000000 13.977058
18:05:40.785 -> 0.215478 0.134075 0.000000 0.000000 0.005329 0.000000 0.000000 0.000000 13.968235
18:05:41.160 -> 0.215478 0.138864 0.000000 0.000000 0.004530 0.000000 0.000000 0.000000 13.991765
18:05:41.568 -> 0.220267 0.134075 0.000000 0.000000 0.004796 0.000000 0.000000 0.000000 13.953529
18:05:41.989 -> 1.237802 2.394202 0.000000 0.000000 0.004796 0.032775 -0.070400 -0.038400 13.959412
18:05:42.394 -> 0.806846 1.821988 0.000000 0.812178 0.552377 0.027979 -0.001600 0.012800 13.956470
18:05:42.781 -> 0.553061 0.232238 0.000000 0.624855 0.459914 0.021583 -0.032800 -0.000800 13.962353
18:05:43.185 -> 0.177171 0.251391 0.000000 0.075675 0.151617 0.027446 -0.038400 0.005600 13.980000
18:05:43.564 -> 0.306458 0.160412 0.000000 0.041835 0.149485 0.054092 -0.038400 0.017600 13.959412
18:05:43.974 -> 0.272939 0.150835 0.000000 0.000000 0.059155 0.052493 -0.048000 0.008000 13.956470
18:05:44.383 -> 0.320823 0.141258 0.000000 0.030110 0.066349 0.052227 -0.048000 0.008000 13.956470
18:05:44.764 -> 0.265756 0.102951 0.000000 0.003730 0.000000 0.019452 -0.048000 0.008000 13.944706
18:05:45.170 -> 0.205901 0.083797 0.000000 0.006662 0.009060 0.005596 -0.048000 0.008000 13.965294
18:05:45.580 -> 0.265756 0.117316 0.000000 0.000000 0.017587 0.015988 -0.048000 0.008000 13.965294
18:05:45.965 -> 0.253785 0.119710 0.000000 0.001865 0.018919 0.000000 -0.048000 0.008000 13.959412
18:05:46.406 -> 0.189142 0.136469 0.000000 0.007727 0.024781 0.000000 -0.048000 0.008000 13.950588
18:05:46.790 -> 0.220267 0.134075 0.000000 0.008260 0.024781 0.000000 -0.048000 0.008000 13.932941
18:05:47.162 -> 0.177171 0.146046 0.000000 0.001599 0.039170 0.000000 -0.048000 0.008000 13.953529
18:05:47.571 -> 0.193930 0.141258 0.000000 0.000000 0.023715 0.000000 -0.048000 0.008000 13.959412
18:05:47.985 -> 0.203507 0.136469 0.000000 0.009859 0.042101 0.000000 -0.048000 0.008000 13.968235
18:05:48.389 -> 0.222661 0.172383 0.000000 0.000000 0.003730 0.000000 -0.048000 0.008000 13.953529
18:05:48.762 -> 0.251391 0.143652 0.000000 0.000000 0.015988 0.000000 -0.048000 0.008000 13.938824
18:05:49.177 -> 0.241814 0.148441 0.000000 0.000000 0.024248 0.000000 -0.048000 0.008000 13.965294
18:05:49.572 -> 0.217872 0.162806 0.000000 0.000000 0.023182 0.000000 -0.048000 0.008000 13.953529
18:05:49.981 -> 0.217872 0.165200 0.000000 0.010126 0.020518 0.000000 -0.048000 0.008000 13.962353
18:05:50.392 -> 0.205901 0.122104 0.000000 0.000000 0.036239 0.000000 -0.048000 0.008000 13.959412
18:05:50.772 -> 0.203507 0.150835 0.000000 0.000000 0.033841 0.000000 -0.048000 0.008000 13.941765
18:05:51.183 -> 0.203507 0.155623 0.000000 0.000000 0.026380 0.000000 -0.048000 0.008000 13.965294
18:05:51.593 -> 0.225055 0.150835 0.000000 0.000000 0.000000 0.000000 -0.048000 0.008000 13.959412
18:05:51.971 -> 0.174777 0.162806 0.000000 0.029577 0.037038 0.000000 -0.048000 0.008000 13.956470
18:05:52.385 -> 0.213084 0.131681 0.000000 0.000000 0.023449 0.000000 -0.048000 0.008000 13.941765
18:05:52.767 -> 0.201113 0.169988 0.000000 0.033041 0.047430 0.006395 -0.048000 0.008000 13.950588
18:05:53.187 -> 0.220267 0.148441 0.000000 0.026646 0.035173 0.000000 -0.048000 0.008000 13.965294
18:05:53.559 -> 0.181959 0.169988 0.000000 0.014389 0.043167 0.000000 -0.048000 0.008000 13.965294
18:05:53.999 -> 0.203507 0.146046 0.000000 0.000000 0.024248 0.000266 -0.048000 0.008000 13.968235
18:05:54.368 -> 0.201113 0.148441 0.000000 0.000000 0.020251 0.000000 -0.048000 0.008000 13.944706
18:05:54.785 -> 0.205901 0.141258 0.000000 0.000000 0.014922 0.000266 -0.048000 0.008000 13.947647
18:05:55.191 -> 0.205901 0.131681 0.000000 0.000000 0.023182 0.000000 -0.048000 0.008000 13.950588
18:05:55.566 -> 0.198719 0.148441 0.000000 0.000000 0.007994 0.000799 -0.048000 0.008000 13.941765
18:05:56.008 -> 0.205901 0.143652 0.000000 0.000000 0.018652 0.010658 -0.048000 0.008000 13.938824
18:05:56.378 -> 0.196325 0.143652 0.000000 0.000000 0.025314 0.009326 -0.048000 0.008000 13.941765
18:05:56.790 -> 0.191536 0.131681 0.000000 0.000000 0.029044 0.013590 -0.048000 0.008000 13.947647
18:05:57.166 -> 0.193930 0.138864 0.000000 0.000000 0.011991 0.018386 -0.048000 0.008000 13.947647
18:05:57.593 -> 0.220267 0.141258 0.000000 0.000000 0.010392 0.014123 -0.048000 0.008000 13.959412
18:05:57.993 -> 0.189142 0.138864 0.000000 0.000000 0.013057 0.010658 -0.048000 0.008000 13.944706
18:05:58.370 -> 0.208296 0.134075 0.000000 0.000000 0.016787 0.007461 -0.048000 0.008000 13.950588
18:05:58.791 -> 0.193930 0.129287 0.000000 0.000000 0.007461 0.000000 -0.048000 0.008000 13.941765
18:05:59.163 -> 0.189142 0.126893 0.000000 0.000000 0.009859 0.000266 -0.048000 0.008000 13.947647
18:05:59.587 -> 0.196325 0.138864 0.000000 0.000000 0.012524 0.001066 -0.048000 0.008000 13.950588
18:05:59.962 -> 0.189142 0.131681 0.000000 0.000000 0.011724 0.000266 -0.048000 0.008000 13.941765
18:06:00.384 -> 0.210690 0.146046 0.000000 0.000000 0.011191 0.003997 -0.048000 0.008000 13.935883
18:06:00.786 -> 0.201113 0.129287 0.000000 0.000000 0.006928 0.000799 -0.048000 0.008000 13.944706
18:06:01.168 -> 0.201113 0.138864 0.000000 0.000000 0.007194 0.000000 -0.048000 0.008000 13.944706
18:06:01.586 -> 0.196325 0.134075 0.000000 0.000000 0.020784 0.000000 -0.048000 0.008000 13.909411
18:06:01.992 -> 0.225055 0.141258 0.000000 0.000000 0.018386 0.000000 -0.048000 0.008000 13.944706
18:06:02.373 -> 0.186748 0.126893 0.000000 0.000000 0.004796 0.000000 -0.048000 0.008000 13.932941
18:06:02.786 -> 0.196325 0.124498 0.000000 0.000000 0.004263 0.000000 -0.048000 0.008000 13.924118
18:06:03.162 -> 0.203507 0.124498 0.000000 0.000000 0.010126 0.000000 -0.048000 0.008000 13.941765
18:06:03.598 -> 0.193930 0.136469 0.000000 0.000000 0.010392 0.000000 -0.048000 0.008000 13.935883
18:06:03.967 -> 0.198719 0.134075 0.000000 0.000000 0.006129 0.000266 -0.048000 0.008000 13.938824

